71926 YBK Baker Lake Observations at 00Z 22 Jun 2017

   PRES   HGHT   TEMP   DWPT   RELH   MIXR   DRCT   SKNT   THTA   THTE   THTV
 1002.0     51   10.2    0.2     50   3.89     20     18  283.2  294.4  283.9
 1000.0     67    9.2   -0.8     50   3.62     20     16  282.4  292.8  283.0
  971.4    305    6.9   -0.9     57   3.69     10     16  282.4  292.9  283.0
  935.9    610    3.9   -1.1     70   3.78     30     17  282.4  293.2  283.0
  925.0    706    3.0   -1.2     74   3.80     35     17  282.4  293.2  283.0
  921.0    741    2.4   -1.4     76   3.76     35     17  282.1  292.9  282.8
  901.5    914    1.3   -1.9     80   3.72     35     16  282.7  293.4  283.3
  900.0    927    1.2   -1.9     80   3.71     37     16  282.7  293.4  283.4
  869.0   1208   -0.7   -4.8     74   3.09     78      8  283.6  292.6  284.1
  867.9   1219   -0.7   -5.9     68   2.84     80      8  283.7  292.0  284.2
  864.0   1255   -0.7   -9.7     51   2.13     78      8  284.1  290.4  284.4
  854.0   1348   -0.9  -12.9     40   1.67     72      7  284.8  289.9  285.1
  850.0   1385   -1.1  -11.1     47   1.94     70      7  285.0  290.8  285.3
  842.0   1460   -1.1  -12.1     43   1.80     32      5  285.8  291.2  286.1
  835.3   1524   -1.5   -6.8     67   2.77      0      4  286.0  294.2  286.5
  835.0   1527   -1.5   -6.5     69   2.83    360      4  286.0  294.4  286.5
  825.0   1623   -1.5  -12.5     43   1.78    355      6  287.0  292.4  287.3
  816.0   1710   -1.3   -7.3     64   2.72    351      8  288.1  296.2  288.6
  813.0   1740   -1.1   -9.1     55   2.37    349      8  288.6  295.8  289.0
  807.0   1799   -0.9  -15.9     31   1.38    346      9  289.4  293.8  289.7
  804.0   1829   -1.1  -16.4     30   1.32    345     10  289.6  293.8  289.8
  791.0   1959   -1.7  -18.7     26   1.11      4     10  290.3  293.8  290.4
  783.0   2039   -2.3  -10.3     54   2.24     16     10  290.5  297.3  290.9
  773.7   2134   -2.8  -13.6     43   1.74     30     10  290.9  296.3  291.2
  766.0   2213   -3.3  -16.3     36   1.40     10      9  291.2  295.6  291.4
  744.5   2438   -3.7  -11.8     53   2.09    315      6  293.1  299.6  293.5
  744.0   2444   -3.7  -11.7     54   2.11    316      6  293.2  299.7  293.6
  720.0   2702   -5.1  -17.1     38   1.40    341      7  294.4  298.9  294.7
  716.3   2743   -5.4  -17.0     40   1.42    345      7  294.6  299.1  294.8
  702.0   2901   -6.5  -16.5     45   1.51    336     10  295.0  299.8  295.3
  700.0   2923   -6.5  -18.5     38   1.28    335     10  295.3  299.4  295.5
  697.0   2957   -6.3  -20.3     32   1.10    346     11  295.8  299.4  296.0
  688.9   3048   -7.0  -19.5     36   1.19     15     12  296.0  299.9  296.2
  670.0   3264   -8.7  -17.7     48   1.43    340     13  296.5  301.1  296.8
  662.4   3353   -9.2  -19.6     43   1.22    325     13  296.9  300.8  297.1
  659.0   3392   -9.5  -20.5     40   1.14    325     13  297.0  300.7  297.2
  652.0   3475   -9.9  -34.9     11   0.30    325     12  297.5  298.5  297.5
  639.0   3630  -10.9  -29.9     19   0.50    325     11  298.1  299.8  298.1
  636.7   3658  -11.1  -32.4     15   0.40    325     11  298.1  299.5  298.2
  629.0   3751  -11.7  -40.7      7   0.17    330     11  298.5  299.1  298.5
  622.0   3837  -12.3  -28.3     25   0.60    334     11  298.8  300.8  298.9
  611.8   3962  -13.3  -28.9     26   0.58    340     11  299.0  300.9  299.1
  597.0   4149  -14.9  -29.9     27   0.54    325     14  299.3  301.1  299.4
  587.7   4267  -15.5  -36.9     14   0.28    315     16  299.9  300.9  300.0
  584.0   4315  -15.7  -39.7     11   0.21    313     16  300.2  301.0  300.2
  576.0   4419  -16.5  -37.5     14   0.27    308     17  300.5  301.4  300.5
  571.0   4484  -16.9  -25.9     46   0.82    304     17  300.7  303.5  300.9
  564.4   4572  -17.3  -31.1     29   0.51    300     17  301.3  303.1  301.4
  560.0   4630  -17.5  -34.5     21   0.37    299     17  301.7  303.0  301.8
  541.8   4877  -19.5  -35.0     24   0.36    295     17  302.2  303.5  302.3
  536.0   4957  -20.1  -35.1     25   0.36    294     19  302.4  303.7  302.5
  517.0   5224  -20.9  -45.9      9   0.12    292     26  304.6  305.0  304.6
  500.0   5470  -22.7  -39.7     20   0.24    290     32  305.3  306.2  305.4
  497.0   5514  -22.9  -39.9     20   0.24    289     32  305.6  306.5  305.6
  470.0   5919  -26.1  -30.4     67   0.65    283     35  306.5  308.8  306.6
  459.0   6089  -27.3  -32.3     62   0.56    280     36  307.1  309.1  307.2
  458.6   6096  -27.4  -32.3     63   0.56    280     36  307.1  309.1  307.2
  422.0   6686  -32.3  -34.6     80   0.48    275     48  308.2  309.9  308.3
  420.8   6706  -32.5  -35.0     78   0.47    275     48  308.2  309.9  308.3
  400.0   7060  -35.3  -41.3     54   0.26    270     49  309.0  310.0  309.1
  399.0   7077  -35.3  -41.3     54   0.26    270     49  309.2  310.2  309.3
  377.0   7471  -38.9  -41.6     75   0.27    263     50  309.6  310.5  309.6
  368.8   7620  -40.2  -42.8     76   0.24    260     50  309.8  310.7  309.8
  352.5   7925  -42.9  -45.4     76   0.19    255     51  310.2  310.9  310.2
  327.0   8432  -47.3  -49.6     77   0.13    263     53  310.8  311.3  310.9
  322.0   8534  -47.7  -54.8     44   0.07    265     53  311.6  311.9  311.6
  320.0   8575  -47.9  -56.9     35   0.05    265     54  311.9  312.1  311.9
  318.0   8617  -48.1  -55.1     44   0.07    265     55  312.2  312.5  312.2
  300.0   9000  -50.3  -58.3     38   0.05    265     66  314.3  314.6  314.4
  293.4   9144  -50.9  -59.3     36   0.04    260     71  315.5  315.7  315.6
  288.0   9265  -51.3  -60.2     34   0.04    260     71  316.6  316.7  316.6
  273.0   9612  -52.7  -62.7     29   0.03    271     63  319.4  319.6  319.5
  271.0   9660  -53.1  -64.1     25   0.03    272     62  319.5  319.6  319.6
  269.0   9707  -51.7  -64.7     20   0.02    274     61  322.3  322.4  322.3
  261.0   9902  -53.7  -65.7     22   0.02    280     56  322.1  322.2  322.1
  255.0  10052  -53.7  -68.7     14   0.01    280     47  324.3  324.3  324.3
  252.0  10128  -51.1  -73.1      6   0.01    280     43  329.2  329.2  329.2
  250.0  10180  -51.3  -74.3      5   0.01    280     40  329.7  329.7  329.7
  249.0  10206  -51.5  -74.5      5   0.01    281     39  329.8  329.8  329.8
  243.1  10363  -49.0  -76.2      3   0.01    285     34  335.8  335.8  335.8
  242.0  10393  -48.5  -76.5      2   0.00    285     34  336.9  337.0  336.9
  232.2  10668  -47.5  -78.3      2   0.00    290     31  342.4  342.4  342.4
  221.7  10973  -46.5  -80.3      1   0.00    295     26  348.6  348.6  348.6
  218.0  11085  -46.1  -81.1      1   0.00    289     25  350.9  350.9  350.9
  211.8  11278  -46.0  -81.0      1   0.00    280     24  354.0  354.0  354.0
  202.3  11582  -45.8  -80.8      1   0.00    295     20  358.9  359.0  358.9
  200.0  11660  -45.7  -80.7      1   0.00    295     21  360.2  360.3  360.2
  184.7  12192  -45.7  -80.7      1   0.00    300     23  368.5  368.6  368.5
  176.4  12497  -45.7  -80.7      1   0.00    305     18  373.4  373.4  373.4
  168.6  12802  -45.7  -80.7      1   0.00    295     18  378.3  378.3  378.3
  153.8  13411  -45.7  -80.7      1   0.00    315     12  388.3  388.3  388.3
  150.0  13580  -45.7  -80.7      1   0.00    295     18  391.1  391.1  391.1
  147.0  13716  -45.6  -80.7      1   0.00    290     16  393.6  393.6  393.6
  140.4  14021  -45.4  -80.6      1   0.00    310     17  399.2  399.2  399.2
  134.1  14326  -45.1  -80.6      1   0.00    300     15  404.8  404.9  404.9
  128.1  14630  -44.9  -80.6      1   0.00    325     17  410.6  410.6  410.6
  122.4  14935  -44.6  -80.5      1   0.01    315     12  416.4  416.4  416.4
  119.0  15123  -44.5  -80.5      1   0.01    287      9  420.1  420.1  420.1
  116.9  15240  -44.7  -80.6      1   0.01    270      7  421.8  421.9  421.8
  111.7  15545  -45.2  -80.8      1   0.01    305     14  426.5  426.5  426.5
  101.9  16154  -46.1  -81.2      1   0.01    285     12  436.0  436.0  436.0
  100.0  16280  -46.3  -81.3      1   0.01    285     12  438.0  438.0  438.0
   97.3  16459  -46.5  -81.5      1   0.01    275     14  440.9  440.9  440.9
   89.4  17023  -47.3  -82.3      1   0.01    312     15  450.2  450.3  450.2
   88.8  17069  -47.2  -82.2      1   0.01    315     15  451.2  451.3  451.2
   84.8  17374  -46.8  -81.8      1   0.01    335     10  458.0  458.1  458.0
   81.0  17678  -46.4  -81.4      1   0.01    300     10  464.9  464.9  464.9
   77.4  17983  -46.0  -81.0      1   0.01    320     10  471.8  471.9  471.8
   71.3  18527  -45.3  -80.3      1   0.01    338     11  484.6  484.6  484.6
   70.6  18593  -45.6  -80.6      1   0.01    340     11  485.2  485.3  485.2
   70.0  18650  -45.9  -80.9      1   0.01    335      7  485.8  485.9  485.8
   66.3  19012  -47.5  -82.5      1   0.01    323      8  489.9  490.0  489.9
   58.8  19812  -47.2  -82.2      1   0.01    295     10  507.8  507.9  507.8
   56.2  20117  -47.0  -82.0      1   0.01    340     10  514.8  514.9  514.8
   50.0  20890  -46.7  -81.7      1   0.01    285      9  533.0  533.0  533.0
   49.0  21031  -46.6  -81.6      1   0.01    300     10  536.5  536.6  536.5
   46.8  21336  -46.3  -81.4      1   0.01     20      7  544.2  544.3  544.2
   40.8  22250  -45.5  -80.9      1   0.01     10      1  568.1  568.2  568.1
   30.3  24223  -43.7  -79.7      1   0.02     54     10  623.1  623.3  623.1
   30.0  24290  -44.1  -80.1      1   0.02     55     10  623.8  624.0  623.8
   29.6  24384  -44.3  -80.2      1   0.02     80     12  625.9  626.1  625.9
   28.3  24689  -44.8  -80.4      1   0.02      0      1  632.6  632.8  632.6
   26.1  25220  -45.7  -80.7      1   0.02     44     11  644.6  644.8  644.6
   25.8  25298  -45.5  -80.6      1   0.02     50     12  647.3  647.5  647.3
   24.6  25603  -44.7  -80.1      1   0.03     70     16  658.1  658.4  658.1
   23.6  25908  -43.9  -79.6      1   0.03     50     17  669.1  669.4  669.1
   22.5  26213  -43.0  -79.2      1   0.03     55     21  680.2  680.6  680.2
   21.5  26518  -42.2  -78.7      1   0.04     85     18  691.5  691.9  691.6
   20.0  27010  -40.9  -77.9      1   0.05    105     15  710.2  710.7  710.2
   18.8  27432  -40.2  -77.2      1   0.05    120     10  724.9  725.5  724.9
   18.0  27737  -39.8  -76.8      1   0.06     65     11  735.7  736.3  735.7
   17.5  27921  -39.5  -76.5      1   0.07     74     10  742.3  743.0  742.3
   17.2  28042  -39.4  -76.4      1   0.07     80     10  746.4  747.1  746.4
   16.4  28346  -39.1  -76.3      1   0.07     35     11  756.8  757.6  756.8
   15.7  28651  -38.8  -76.2      1   0.08    105      4  767.3  768.2  767.4
   14.4  29261  -38.2  -75.9      1   0.09    115     15  789.0  790.0  789.0
   13.8  29566  -38.0  -75.7      1   0.09    105     18  800.0  801.1  800.0
   13.2  29870  -37.7  -75.6      1   0.10     55     17  811.1  812.3  811.2
   12.8  30071  -37.5  -75.5      1   0.11     67     18  818.6  819.9  818.6
   12.1  30480  -35.9  -74.4      1   0.13     90     21  838.0  839.6  838.1
   11.1  31090  -33.5  -72.7      1   0.19     90     12  867.8  870.2  867.9
   10.6  31394  -32.3  -71.8      1   0.22     60     17  883.0  885.8  883.2
   10.0  31800  -30.7  -70.7      1   0.28     75     22  903.8  907.3  903.9
    9.7  32004  -29.9  -70.2      1   0.30     80     21  914.1  918.1  914.3
    9.3  32309  -28.7  -69.5      1   0.35     80     27  929.8  934.5  930.0
    9.1  32473  -28.1  -69.1      1   0.38     85     27  938.4  943.4  938.6
    8.9  32614  -28.0  -69.0      1   0.39     90     27  944.1  949.3  944.3
    8.6  32918  -27.8  -68.8      1   0.43     85     17  956.5  962.2  956.8
