72681 BOI Boise Observations at 00Z 22 Jun 2017

   PRES   HGHT   TEMP   DWPT   RELH   MIXR   DRCT   SKNT   THTA   THTE   THTV
  915.0    874   29.2    3.2     19   5.29    300     15  310.1  326.9  311.1
  905.0    970   26.2    1.2     20   4.63    304     16  308.0  322.7  308.9
  900.0   1019   25.6    0.6     19   4.46    306     17  307.9  322.0  308.7
  879.3   1219   23.7   -0.1     21   4.35    315     20  308.0  321.8  308.8
  850.0   1512   21.0   -1.0     23   4.20    315     21  308.1  321.5  308.9
  819.1   1829   18.1   -2.5     24   3.89    315     18  308.3  320.7  309.0
  806.0   1968   16.8   -3.2     25   3.76    322     18  308.4  320.4  309.1
  790.2   2134   15.4   -6.0     22   3.10    330     18  308.7  318.7  309.2
  762.3   2438   12.9  -11.2     17   2.14    325     21  309.2  316.2  309.6
  754.0   2530   12.2  -12.8     16   1.90    322     22  309.3  315.7  309.7
  745.0   2631   12.6  -24.4      6   0.72    319     23  310.8  313.4  311.0
  735.1   2743   12.8  -19.8      9   1.09    315     24  312.2  316.0  312.4
  723.0   2882   13.0  -14.0     14   1.80    307     22  313.9  320.1  314.3
  700.0   3152   11.2  -15.8     13   1.60    290     18  314.9  320.4  315.2
  673.0   3478    8.8  -17.2     14   1.48    296     24  315.7  320.9  316.0
  658.4   3658    7.7  -16.9     16   1.56    300     27  316.5  321.9  316.8
  611.2   4267    3.9  -15.8     22   1.84    280     30  318.9  325.3  319.3
  605.0   4350    3.4  -15.6     23   1.89    280     31  319.2  325.8  319.6
  588.4   4572    2.1  -17.8     21   1.62    280     32  320.3  326.0  320.6
  566.3   4877    0.4  -20.8     19   1.30    260     31  321.8  326.4  322.1
  524.7   5486   -3.1  -26.8     14   0.82    285     29  324.7  327.8  324.9
  504.0   5807   -4.9  -29.9     12   0.64    285     30  326.3  328.7  326.4
  500.0   5870   -5.5  -30.5     12   0.61    285     30  326.3  328.6  326.4
  485.5   6096   -7.3  -31.6     12   0.56    285     29  326.8  329.0  326.9
  414.1   7315  -17.0  -37.8     15   0.36    290     28  329.5  331.0  329.6
  400.0   7580  -19.1  -39.1     15   0.32    285     26  330.1  331.4  330.1
  397.8   7620  -19.4  -39.4     15   0.32    285     26  330.2  331.4  330.2
  372.0   8114  -23.5  -43.5     14   0.22    274     25  331.2  332.1  331.2
  321.8   9144  -32.4  -46.5     23   0.18    250     24  332.9  333.6  332.9
  306.0   9503  -35.5  -47.5     28   0.17    264     23  333.3  334.0  333.4
  300.0   9640  -36.7  -50.7     22   0.12    270     22  333.5  334.0  333.6
  298.0   9686  -37.1  -50.1     25   0.13    271     22  333.6  334.2  333.6
  293.0   9804  -37.9  -49.9     27   0.14    274     24  334.1  334.7  334.1
  286.0   9970  -39.3  -56.3     15   0.07    278     25  334.4  334.7  334.4
  282.4  10058  -40.1  -55.4     18   0.07    280     26  334.5  334.9  334.6
  271.0  10338  -42.5  -52.5     33   0.11    280     26  334.9  335.4  335.0
  260.0  10618  -44.9  -57.9     22   0.06    280     27  335.4  335.7  335.4
  253.0  10801  -46.3  -57.3     28   0.07    280     27  335.9  336.2  336.0
  250.0  10880  -46.9  -58.9     24   0.05    280     27  336.2  336.4  336.2
  243.0  11068  -48.1  -65.1     12   0.02    279     27  337.1  337.3  337.1
  229.0  11456  -51.1  -69.1     10   0.02    277     26  338.3  338.4  338.3
  214.0  11887  -55.1  -68.1     18   0.02    275     25  338.7  338.8  338.7
  200.0  12320  -59.1  -67.1     35   0.02    275     28  339.0  339.1  339.0
  199.0  12351  -59.3  -67.3     35   0.02    274     29  339.2  339.3  339.2
  194.0  12510  -59.7  -67.7     34   0.02    270     36  341.0  341.1  341.0
  190.0  12640  -58.5  -68.5     26   0.02    271     40  345.0  345.1  345.0
  178.0  13048  -59.5  -78.5      7   0.00    275     52  349.8  349.9  349.8
  176.3  13106  -59.4  -80.0      5   0.00    275     54  350.9  350.9  350.9
  171.0  13298  -59.1  -85.1      2   0.00    274     53  354.5  354.5  354.5
  168.0  13409  -57.9  -85.9      2   0.00    274     52  358.3  358.3  358.3
  161.0  13675  -58.7  -89.7      1   0.00    272     51  361.4  361.4  361.4
  158.0  13793  -57.5  -89.5      1   0.00    272     50  365.4  365.4  365.4
  153.0  13996  -57.5  -89.5      1   0.00    271     49  368.7  368.7  368.7
  150.0  14120  -58.1  -90.1      1   0.00    270     48  369.8  369.8  369.8
  146.0  14291  -57.9  -89.9      1   0.00    267     50  373.0  373.0  373.0
  139.0  14600  -59.9  -90.9      1   0.00    261     55  374.8  374.8  374.8
  138.3  14630  -59.9  -90.9      1   0.00    260     55  375.2  375.2  375.2
  133.0  14876  -60.1  -91.1      1   0.00    264     48  379.1  379.1  379.1
  129.0  15066  -61.1  -92.1      1   0.00    267     43  380.7  380.7  380.7
  126.0  15213  -59.5  -90.5      1   0.00    270     39  386.1  386.1  386.1
  125.5  15240  -59.5  -90.5      1   0.00    270     38  386.6  386.6  386.6
  123.0  15364  -59.5  -90.5      1   0.00    272     36  388.8  388.8  388.8
  116.0  15730  -61.1  -92.1      1   0.00    278     32  392.4  392.4  392.4
  113.8  15850  -61.0  -92.0      1   0.00    280     30  394.7  394.7  394.7
  110.0  16061  -60.9  -91.9      1   0.00    273     25  398.8  398.8  398.8
  108.3  16154  -61.4  -92.2      1   0.00    270     23  399.6  399.6  399.6
  100.0  16650  -63.9  -93.9      1   0.00    240     27  404.0  404.0  404.0
   93.4  17069  -65.3  -94.4      1   0.00    275     36  409.3  409.3  409.3
   92.4  17132  -65.5  -94.5      1   0.00    270     36  410.1  410.1  410.1
   88.8  17374  -64.3  -93.6      1   0.00    315     26  417.2  417.2  417.2
   82.3  17840  -61.9  -91.9      1   0.00    319     11  431.2  431.2  431.2
   80.4  17983  -62.7  -92.7      1   0.00    320      6  432.4  432.4  432.4
   77.4  18218  -64.1  -94.1      1   0.00    328      9  434.3  434.3  434.3
   76.5  18288  -63.7  -93.7      1   0.00    330     10  436.5  436.5  436.5
   75.6  18362  -63.3  -93.3      1   0.00    345     10  438.9  438.9  438.9
   73.9  18502  -60.1  -91.1      1   0.00     12     11  448.5  448.5  448.5
   72.8  18593  -60.4  -91.4      1   0.00     30     11  449.6  449.6  449.6
   72.0  18664  -60.7  -91.7      1   0.00     36      9  450.5  450.6  450.5
   70.0  18840  -58.7  -89.7      1   0.00     50      4  458.5  458.5  458.5
   69.6  18876  -58.7  -89.7      1   0.00     13      2  459.2  459.2  459.2
   69.3  18898  -58.8  -89.8      1   0.00    350      1  459.6  459.6  459.6
   63.0  19498  -60.3  -91.3      1   0.00    344      3  468.9  468.9  468.9
   59.5  19852  -63.3  -93.3      1   0.00    341      4  469.9  469.9  469.9
   53.8  20472  -61.7  -91.7      1   0.00    334      6  487.4  487.4  487.4
   50.7  20842  -57.9  -89.9      1   0.00    331      7  504.6  504.6  504.6
   50.0  20930  -57.9  -89.9      1   0.00    330      7  506.6  506.6  506.6
   47.8  21213  -58.9  -89.9      1   0.00    330     10  510.8  510.8  510.8
   46.9  21336  -58.3  -89.5      1   0.00    330     11  515.0  515.0  515.0
   44.7  21641  -56.9  -88.5      1   0.00     15     11  525.6  525.6  525.6
   42.6  21946  -55.5  -87.5      1   0.00     65     14  536.4  536.4  536.4
   42.6  21941  -55.5  -87.5      1   0.00     64     14  536.2  536.3  536.2
   40.6  22250  -55.4  -87.4      1   0.00     95     19  543.9  543.9  543.9
   38.7  22555  -55.4  -87.4      1   0.00     60     12  551.5  551.5  551.5
   36.9  22860  -55.3  -87.3      1   0.01     90     14  559.3  559.3  559.3
   36.6  22909  -55.3  -87.3      1   0.01     87     14  560.5  560.6  560.5
   35.3  23141  -53.7  -86.7      1   0.01     72     14  570.5  570.6  570.5
   35.2  23165  -53.8  -86.8      1   0.01     70     14  570.8  570.8  570.8
   33.5  23470  -55.6  -87.8      1   0.01     80      3  573.8  573.9  573.8
   33.3  23514  -55.9  -87.9      1   0.01     79      5  574.3  574.3  574.3
   30.5  24079  -54.7  -87.6      1   0.01     70     25  592.2  592.3  592.2
   30.0  24180  -54.5  -87.5      1   0.01     70     25  595.5  595.5  595.5
   29.1  24384  -55.0  -87.2      1   0.01     90     18  599.6  599.7  599.6
   28.8  24441  -55.1  -87.1      1   0.01     92     17  600.8  600.9  600.8
   27.7  24689  -52.2  -85.1      1   0.01    100     14  615.5  615.6  615.5
   27.6  24715  -51.9  -84.9      1   0.01     97     14  617.1  617.2  617.1
   26.4  24994  -51.6  -85.0      1   0.01     65     13  625.4  625.5  625.4
   25.2  25298  -51.4  -85.0      1   0.01     55     14  634.6  634.7  634.6
   24.1  25603  -51.1  -85.1      1   0.01     85     13  643.9  644.0  643.9
   24.0  25623  -51.1  -85.1      1   0.01     84     13  644.5  644.7  644.5
   23.0  25908  -49.8  -83.8      1   0.02     70     13  656.5  656.7  656.5
   21.9  26222  -48.3  -82.3      1   0.02     94     16  670.0  670.2  670.0
   21.9  26213  -48.3  -82.3      1   0.02     95     16  669.6  669.8  669.6
   20.9  26518  -48.4  -82.4      1   0.02     70     13  678.3  678.5  678.3
   20.0  26820  -48.5  -82.5      1   0.02     80     20  687.0  687.2  687.0
   19.1  27127  -48.6  -82.6      1   0.02     95     18  695.8  696.0  695.8
   18.2  27432  -48.8  -82.8      1   0.02     70     18  704.6  704.9  704.7
   17.4  27737  -48.9  -82.9      1   0.02     95     23  713.6  713.9  713.6
   17.3  27774  -48.9  -82.9      1   0.02     95     22  714.7  715.0  714.8
   15.9  28346  -45.9  -80.7      1   0.04     90      5  742.3  742.7  742.3
   15.4  28546  -44.9  -79.9      1   0.04     67      9  752.1  752.6  752.1
   15.2  28651  -44.9  -80.0      1   0.04     55     11  755.6  756.1  755.6
   13.8  29261  -44.6  -80.4      1   0.05    100     13  776.6  777.1  776.6
   13.6  29378  -44.5  -80.5      1   0.05     85     14  780.6  781.2  780.6
   13.2  29566  -43.8  -79.8      1   0.05     60     15  789.4  790.0  789.5
   12.7  29839  -42.7  -78.7      1   0.06     78     18  802.3  803.1  802.4
   12.3  30054  -43.5  -79.5      1   0.06     92     21  806.9  807.6  806.9
   12.1  30175  -42.6  -78.8      1   0.07    100     22  814.3  815.1  814.3
   11.6  30480  -40.2  -77.0      1   0.09     85     11  833.3  834.4  833.3
   11.4  30570  -39.5  -76.5      1   0.10     82     11  839.0  840.2  839.0
   10.1  31394  -38.4  -75.4      1   0.14     50     16  872.3  874.0  872.4
   10.0  31470  -38.3  -75.3      1   0.14     60     17  875.4  877.2  875.5
