Estación:       JOCOTEPEC,  JAL
Operada por:    SMN EMAS
Longitud:       103°24'59"  Latitud: 20°16'59  Altitud: 1506

DD/MM/AAAA HH:MM      DIRS      DIRR      VELS      VELR      TEMP        HR        PB      PREC   RADSOL
26/01/2018 17:00       106       102      1.20      9.70      17.4        69     855.2       0.0     646.5
26/01/2018 18:00        97       101      0.62      9.10      18.5        63     854.4       0.0     840.8
26/01/2018 19:00         0       101      0.00      0.00      18.9        60     853.4       0.0     865.8
26/01/2018 20:00         0       101      0.00      0.00      19.0        56     852.1       0.0     728.0
26/01/2018 21:00         0       101      0.00      0.00      19.9        52     851.1       0.0     522.7
26/01/2018 22:00         0       101      0.00      0.00      19.6        55     850.4       0.0     394.5
26/01/2018 23:00         0       101      0.00      0.00      19.7        56     850.4       0.0     127.5
27/01/2018 00:00         0       101      0.00      0.00      18.1        60     850.6       0.0      10.8
27/01/2018 01:00         0       101      0.00      0.00      17.3        61     850.9       0.0       0.0
27/01/2018 02:00         0       101      0.00      0.00      15.8        67     851.3       0.0       0.0
27/01/2018 03:00         0       101      0.00      0.00      14.5        70     851.5       0.0       0.0
27/01/2018 04:00         0       101      0.00      0.00      13.7        72     851.7       0.0       0.0
27/01/2018 05:00       253       243      0.53      2.20      14.0        72     851.9       0.0       0.0
27/01/2018 06:00       234       222      0.83      5.10      15.2        71     851.6       0.0       0.0
27/01/2018 07:00         0       222      0.00      0.00      15.1        70     851.6       0.0       0.0
27/01/2018 08:00         0       222      0.00      0.00      13.2        75     851.4       0.0       0.0
27/01/2018 09:00         0       222      0.00      0.00      12.1        81     851.1       0.0       0.0
27/01/2018 10:00         0       222      0.00      0.00      12.4        81     850.5       0.0       0.0
27/01/2018 11:00         0       222      0.00      0.00      11.2        83     850.5       0.0       0.0
27/01/2018 12:00         0       222      0.00      0.00      10.5        85     850.9       0.0       0.0
27/01/2018 13:00         0       222      0.00      0.00      10.6        86     851.6       0.0       4.7
27/01/2018 14:00         0       222      0.00      0.00      12.3        88     852.2       0.0      88.0
27/01/2018 15:00         0       222      0.00      0.00      17.8        79     852.8       0.0     349.3
27/01/2018 16:00         0       222      0.00      0.00      20.9        64     853.2       0.0     574.2
27/01/2018 17:00         0       222      0.00      0.00      21.2        58     853.0       0.0     744.7
27/01/2018 18:00         0       222      0.00      0.00      20.3        61     852.3       0.0     839.7
27/01/2018 19:00         0       222      0.00      0.00      21.1        60     851.3       0.0     873.0
27/01/2018 20:00         0       222      0.00      0.00      21.5        56     849.9       0.0     687.8
27/01/2018 21:00         0       222      0.00      0.00      22.0        49     848.9       0.0     317.2
27/01/2018 22:00         0       222      0.00      0.00      21.7        50     848.6       0.0     229.2
27/01/2018 23:00         0       144      0.00      9.10      20.6        53     849.0       0.0      89.0
28/01/2018 00:00         0       144      0.00      0.00      19.4        48     849.1       0.0      12.5
28/01/2018 01:00       302       292      7.00     36.20      19.0        46     850.0       0.0       0.0
28/01/2018 02:00       313       299     12.12     35.00      17.3        55     850.8       0.0       0.0
28/01/2018 03:00       326         0      4.30     28.10      17.5        52     851.8       0.0       0.0
28/01/2018 04:00         0       333      0.00      0.00      16.3        56     851.8       0.0       0.0
28/01/2018 05:00        56        60      0.62      9.70      15.4        61     851.7       0.0       0.0
28/01/2018 06:00         0        60      0.00      0.00      14.8        62     851.5       0.0       0.0
28/01/2018 07:00         0        60      0.00      0.00      13.3        67     851.1       0.0       0.0
28/01/2018 08:00         0        60      0.00      0.00      12.5        69     850.8       0.0       0.0
28/01/2018 09:00         0        60      0.00      0.00      11.6        72     850.5       0.0       0.0
28/01/2018 10:00         0       233      0.00      2.20      10.5        76     850.2       0.0       0.0
28/01/2018 11:00         0       233      0.00      0.00      10.1        80     850.4       0.0       0.0
28/01/2018 12:00         0       233      0.00      0.00       9.7        85     850.8       0.0       0.0
28/01/2018 13:00         0       233      0.00      0.00      10.2        88     851.5       0.0       5.3
28/01/2018 14:00        97       100      1.06     13.10      13.4        89     852.3       0.0     145.8
28/01/2018 15:00        95       102     14.20     30.40      17.8        67     853.1       0.0     371.5
28/01/2018 16:00       103        99     18.97     32.10      17.5        69     853.6       0.0     586.8
28/01/2018 17:00       103        99     14.65     29.80      17.9        68     853.5       0.0     760.3
28/01/2018 18:00       102       105     14.38     24.10      19.0        66     852.7       0.0     845.8
28/01/2018 19:00       101        98      2.26     18.90      20.0        62     851.8       0.0     864.5
28/01/2018 20:00         0       101      0.00      0.00      20.4        59     850.5       0.0     801.2
28/01/2018 21:00         0       101      0.00      0.00      21.4        57     849.7       0.0     648.5
28/01/2018 22:00         0       101      0.00      0.00      20.6        55     849.2       0.0     144.8
28/01/2018 23:00         0       101      0.00      0.00      20.3        55     849.1       0.0     105.0
29/01/2018 00:00         0       101      0.00      0.00      19.3        55     849.2       0.0      31.7
29/01/2018 01:00         0       101      0.00      0.00      18.1        58     849.7       0.0       0.0
29/01/2018 02:00         0       101      0.00      0.00      17.5        55     850.9       0.0       0.0
29/01/2018 03:00       101       111      1.44     16.00      17.4        59     852.0       0.0       0.0
29/01/2018 04:00        38        39      0.47      7.90      15.8        69     852.5       0.0       0.0
29/01/2018 05:00        36        17      5.72     27.50      15.2        74     852.5       0.0       0.0
29/01/2018 06:00        35        44     11.39     29.20      15.5        70     852.8       0.0       0.0
29/01/2018 07:00        33        46     14.68     35.00      14.9        74     852.9       0.0       0.0
29/01/2018 08:00        32        37     14.22     31.00      14.5        76     852.7       0.0       0.0
29/01/2018 09:00        33        22     15.07     32.10      14.3        76     852.3       0.0       0.0
29/01/2018 10:00        33        25     11.58     32.10      14.2        75     852.3       0.0       0.0
29/01/2018 11:00        36        27     11.83     31.60      14.2        76     852.6       0.0       0.0
29/01/2018 12:00        37        32     11.72     27.50      14.2        76     853.0       0.0       0.0
29/01/2018 13:00        35        65     10.81     28.10      14.1        76     853.6       0.0       1.7
29/01/2018 14:00        39        50      6.07     20.60      14.4        76     854.3       0.0      36.3
29/01/2018 15:00        37        56      5.05     21.80      15.1        74     855.2       0.0      56.3
29/01/2018 16:00        58        33      5.15     17.20      15.7        73     855.4       0.0     148.2
29/01/2018 17:00        94       100     11.60     25.20      17.7        67     855.2       0.0     321.7
29/01/2018 18:00        96       101      7.89     23.50      17.0        70     854.8       0.0     254.0
29/01/2018 19:00        93       101     13.94     27.50      17.8        67     853.9       0.0     290.7
29/01/2018 20:00        92       100     15.02     32.10      18.2        65     853.1       0.0     270.8
29/01/2018 21:00        91        92     15.68     30.40      17.7        65     852.8       0.0     168.2
29/01/2018 22:00        96       102     21.24     35.00      16.7        69     853.0       0.0      62.7
29/01/2018 23:00        98        94     16.46     28.70      16.4        70     853.0       0.0      34.5
30/01/2018 00:00        99       100      1.82     21.20      16.0        72     853.3       0.0      10.5
30/01/2018 01:00        71        64      0.88      9.10      16.0        69     853.7       0.0       0.0
30/01/2018 02:00        35        19      2.79     28.70      15.5        67     854.7       0.0       0.0
30/01/2018 03:00        45        61      9.11     27.50      14.0        69     855.6       0.0       0.0
30/01/2018 04:00        48        56      5.36     22.90      13.5        70     856.3       0.0       0.0
30/01/2018 05:00        48        45      8.50     33.90      13.1        68     856.2       0.0       0.0
30/01/2018 06:00        49        17      6.76     26.90      12.8        65     856.0       0.0       0.0
30/01/2018 07:00        54        44      6.12     26.40      12.5        64     855.5       0.0       0.0
30/01/2018 08:00        44        56      3.78     20.60      11.9        64     855.0       0.0       0.0
30/01/2018 09:00        54        44      6.90     23.50      11.5        65     854.7       0.0       0.0
30/01/2018 10:00        65        59      4.95     28.10      11.6        66     854.3       0.0       0.0
30/01/2018 11:00        60        38      6.22     22.90      11.2        64     854.0       0.0       0.0
30/01/2018 12:00        55        82      5.67     19.50      10.1        66     854.5       0.0       0.0
30/01/2018 13:00        50        54      3.66     19.50       9.7        66     854.7       0.0       3.0
30/01/2018 14:00        72        77      5.91     20.60      10.2        66     855.3       0.0     109.3
30/01/2018 15:00        90       106     13.51     27.50      13.2        55     855.6       0.0     304.8
30/01/2018 16:00        96        99     21.28     35.00      12.6        53     856.1       0.0     446.0
30/01/2018 17:00       100        98     18.65     28.70      12.8        53     855.7       0.0     455.8
30/01/2018 18:00       105       102     17.76     30.40      12.5        57     855.2       0.0     289.2
30/01/2018 19:00       105       106     10.80     23.50      13.8        53     854.3       0.0     678.2
30/01/2018 20:00       110       143      5.90     18.90      15.3        47     853.4       0.0     613.5
30/01/2018 21:00       100        99      2.43     17.20      14.5        47     852.7       0.0     242.7
30/01/2018 22:00       100        94      6.95     17.70      14.5        47     852.3       0.0     143.2
30/01/2018 23:00        95       101      3.71     16.00      14.8        47     852.2       0.0      79.2
31/01/2018 00:00        94        95      6.88     18.30      14.9        50     852.3       0.0      14.5
31/01/2018 01:00        72        93      2.67     14.90      13.9        54     852.4       0.0       0.0
31/01/2018 02:00        85       103      1.52     14.30      14.0        54     852.7       0.0       0.0
31/01/2018 03:00         0       106      0.00      0.00      12.8        54     853.1       0.0       0.0
31/01/2018 04:00        82        98      2.67     14.90      13.6        54     853.3       0.0       0.0
31/01/2018 05:00        72        98      1.53     16.00      14.4        54     853.5       0.0       0.0
31/01/2018 06:00        59        57      0.28      7.40      13.6        52     853.4       0.0       0.0
31/01/2018 07:00        97       101      2.53     16.60      13.0        50     853.2       0.0       0.0
31/01/2018 08:00        94        97      5.74     22.30      13.5        52     853.0       0.0       0.0
31/01/2018 09:00       105        95     11.42     20.60      13.2        57     852.5       0.0       0.0
31/01/2018 10:00         0       101      0.00     14.30      12.3        52     852.4       0.0       0.0
31/01/2018 11:00         0       101      0.00      0.00      11.9        50     852.3       0.0       0.0
31/01/2018 12:00         0       101      0.00      0.00      12.4        56     852.8       0.0       0.0
31/01/2018 13:00         0       101      0.00      0.00      12.3        59     853.6       0.0       0.5
31/01/2018 14:00         0       101      0.00      0.00      12.4        60     854.2       0.0      22.3
31/01/2018 15:00         0       101      0.00      0.00      12.6        60     854.8       0.0      79.7
31/01/2018 16:00         0       101      0.00      0.00      13.1        58     855.1       0.0     144.0
31/01/2018 17:00         0       101      0.00      0.00      13.9        59     854.6       0.0     268.7
31/01/2018 18:00         0       101      0.00      0.00      14.7        57     853.8       0.0     384.8
31/01/2018 19:00         0       101      0.00      0.00      14.2        59     852.8       0.0     282.0
31/01/2018 20:00         0       101      0.00      0.00      14.4        59     851.9       0.0     269.2
31/01/2018 21:00         0       101      0.00      0.00      14.7        59     851.3       0.0     194.0
31/01/2018 22:00         0       101      0.00      0.00      14.4        60     851.2       0.0     113.7
31/01/2018 23:00         0       101      0.00      0.00      14.5        60     851.2       0.0      72.5
01/02/2018 00:00         0       101      0.00      0.00      13.4        62     851.5       0.0      22.8
01/02/2018 01:00         0       101      0.00      0.00      12.0        66     851.8       0.0       0.0
01/02/2018 02:00         0       101      0.00      0.00      11.8        68     852.6       0.0       0.0
01/02/2018 03:00         0       101      0.00      0.00      11.9        68     853.2       0.0       0.0
01/02/2018 04:00         0       101      0.00      0.00      11.4        71     853.4       0.0       0.0
01/02/2018 05:00         0       101      0.00      0.00      11.2        72     853.4       0.0       0.0
01/02/2018 06:00         0       101      0.00      0.00      10.8        74     853.5       0.0       0.0
01/02/2018 07:00         0       101      0.00      0.00      10.2        75     853.1       0.0       0.0
01/02/2018 08:00         0       101      0.00      0.00      10.4        74     852.8       0.0       0.0
01/02/2018 09:00         0       101      0.00      0.00       9.8        78     852.1       0.0       0.0
01/02/2018 10:00         0       101      0.00      0.00       8.9        82     851.8       0.0       0.0
01/02/2018 11:00         0       101      0.00      0.00       8.9        84     852.0       0.0       0.0
01/02/2018 12:00         0       101      0.00      0.00       9.4        83     852.4       0.0       0.0
01/02/2018 13:00         0       101      0.00      0.00       8.7        84     853.0       0.0       4.3
01/02/2018 14:00         0       101      0.00      0.00      11.5        85     853.7       0.0     140.5
01/02/2018 15:00         0       101      0.00      0.00      15.7        68     854.4       0.0     195.7
01/02/2018 16:00         0       101      0.00      0.00      16.5        67     854.8       0.0     226.0
01/02/2018 17:00         0       101      0.00      0.00      18.7        62     854.6       0.0     576.0
01/02/2018 18:00         0       101      0.00      0.00      19.9        53     853.8       0.0     848.3
01/02/2018 19:00         0       101      0.00      0.00      19.8        54     853.0       0.0     591.8
01/02/2018 20:00         0       101      0.00      0.00      19.2        55     852.7       0.0     279.2
01/02/2018 21:00         0       101      0.00      0.00      18.6        61     852.5       0.0     214.2
01/02/2018 22:00         0       101      0.00      0.00      17.3        71     852.7       0.0      77.3
01/02/2018 23:00         0       101      0.00      0.00      17.6        77     852.9       0.0      62.7
02/02/2018 00:00         0       101      0.00      0.00      16.5        79     853.5       0.0      17.8
02/02/2018 01:00         0       101      0.00      0.00      14.8        82     853.9       0.0       0.0
02/02/2018 02:00         0       101      0.00      0.00      13.6        87     854.7       0.0       0.0
02/02/2018 03:00         0       101      0.00      0.00      13.4        88     855.2       0.0       0.0
02/02/2018 04:00         0       101      0.00      0.00      13.4        88     855.3       0.0       0.0
02/02/2018 05:00         0       101      0.00      0.00      13.3        87     855.2       0.0       0.0
02/02/2018 06:00         0       101      0.00      0.00      13.6        88     855.0       0.0       0.0
02/02/2018 07:00         0       101      0.00      0.00      14.0        89     855.2       0.0       0.0
02/02/2018 08:00         0       101      0.00      0.00      13.7        89     855.0       0.0       0.0
02/02/2018 09:00         0       101      0.00      0.00      13.8        89     853.9       0.0       0.0
02/02/2018 10:00         0       101      0.00      0.00      14.5        92     853.8       0.0       0.0
02/02/2018 11:00         0       101      0.00      0.00      14.8        91     854.0       0.0       0.0
02/02/2018 12:00         0       101      0.00      0.00      12.9        92     854.2       0.0       0.0
02/02/2018 13:00         0       101      0.00                11.8        94     854.9       0.0       7.5


